011111100011000110001100011000111111
001110100011000110001100011000101110
100100011001010000100001000010011111
100100011001010000100001000010001110
211111000010000111111100001000011111
201110000010000101110100001000011111
311111000010000111111000010000111111
311111000010000100111000010000111111
410000100001000011111000010000100001
410000100001010011111100100001000100
511111100001000011111000010000111111
511111100001000011110000010000111110
611111100001000011111110001100011111
600010001000100011111100011000111111
711111000010000100001000010000100001
711111000010000100010001000100010000
811111100011000111111100011000111111
801110100011000101110100011000101110
911111100011000111111000010000111111
911111100011000111111000100010001000